CONV NORM
# 41x41 convolution mask of a Gaussian PSF with FWHM = 11.67 px
5.427069305038690610e-10 1.201109504255893104e-09 2.552152654810962409e-09 5.206399630791546435e-09 1.019706438692677034e-08 1.917430499095760709e-08 3.461552390375696419e-08 5.999692543529846080e-08 9.983754429988108025e-08 1.595018017785722907e-07 2.446493718067932227e-07 3.602710995156009183e-07 5.093561490552006173e-07 6.913858552847019593e-07 9.010029969897762069e-07 1.127298136976749483e-06 1.354123114340473653e-06 1.561652216435437936e-06 1.729088812634219055e-06 1.838049014045791602e-06 1.875874086430671917e-06 1.838049014045791602e-06 1.729088812634219055e-06 1.561652216435437936e-06 1.354123114340473653e-06 1.127298136976749483e-06 9.010029969897762069e-07 6.913858552847019593e-07 5.093561490552006173e-07 3.602710995156009183e-07 2.446493718067932227e-07 1.595018017785722907e-07 9.983754429988108025e-08 5.999692543529846080e-08 3.461552390375696419e-08 1.917430499095760709e-08 1.019706438692677034e-08 5.206399630791546435e-09 2.552152654810962409e-09 1.201109504255893104e-09 5.427069305038690610e-10
1.201109504255893104e-09 2.658274586385723378e-09 5.648379701286141566e-09 1.152271277186777542e-08 2.256796488534929898e-08 4.243623706953232888e-08 7.661047320143472267e-08 1.327841479738674327e-07 2.209587101252267211e-07 3.530066031850996433e-07 5.414537187032997760e-07 7.973457079959366486e-07 1.127298136976751600e-06 1.530163105010550509e-06 1.994084103629756430e-06 2.494916556889415038e-06 2.996921636981630907e-06 3.456221422787810559e-06 3.826789174461618820e-06 4.067937990047158987e-06 4.151651779916156008e-06 4.067937990047158987e-06 3.826789174461618820e-06 3.456221422787810559e-06 2.996921636981630907e-06 2.494916556889415038e-06 1.994084103629756430e-06 1.530163105010550509e-06 1.127298136976751600e-06 7.973457079959366486e-07 5.414537187032997760e-07 3.530066031850996433e-07 2.209587101252267211e-07 1.327841479738674327e-07 7.661047320143472267e-08 4.243623706953232888e-08 2.256796488534929898e-08 1.152271277186777542e-08 5.648379701286141566e-09 2.658274586385723378e-09 1.201109504255893104e-09
2.552152654810962409e-09 5.648379701286141566e-09 1.200184262878548164e-08 2.448379759476230335e-08 4.795307279789372291e-08 9.016975947109037561e-08 1.627841773581625784e-07 2.821436468261593040e-07 4.694995390941153502e-07 7.500787699143140301e-07 1.150496720531729802e-06 1.694223514386924414e-06 2.395316099701533249e-06 3.251335383584198865e-06 4.237088309569131918e-06 5.301271775500489073e-06 6.367946873271578815e-06 7.343880510917338301e-06 8.131273723501684960e-06 8.643673790040527918e-06 8.821551302708123052e-06 8.643673790040527918e-06 8.131273723501684960e-06 7.343880510917338301e-06 6.367946873271578815e-06 5.301271775500489073e-06 4.237088309569131918e-06 3.251335383584198865e-06 2.395316099701533249e-06 1.694223514386924414e-06 1.150496720531729802e-06 7.500787699143140301e-07 4.694995390941153502e-07 2.821436468261593040e-07 1.627841773581625784e-07 9.016975947109037561e-08 4.795307279789372291e-08 2.448379759476230335e-08 1.200184262878548164e-08 5.648379701286141566e-09 2.552152654810962409e-09
5.206399630791546435e-09 1.152271277186777542e-08 2.448379759476230335e-08 4.994702590280088367e-08 9.782442286108707528e-08 1.839465995632689166e-07 3.320802457872635844e-07 5.755739477012969938e-07 9.577805709970196063e-07 1.530163105010550509e-06 2.347017013152352772e-06 3.456221422787810559e-06 4.886452553536148854e-06 6.632734648047951747e-06 8.643673790040527918e-06 1.081461148597935625e-05 1.299063211889140944e-05 1.498153988106533057e-05 1.658782456923205600e-05 1.763312235430635253e-05 1.799599305270792890e-05 1.763312235430635253e-05 1.658782456923205600e-05 1.498153988106533057e-05 1.299063211889140944e-05 1.081461148597935625e-05 8.643673790040527918e-06 6.632734648047951747e-06 4.886452553536148854e-06 3.456221422787810559e-06 2.347017013152352772e-06 1.530163105010550509e-06 9.577805709970196063e-07 5.755739477012969938e-07 3.320802457872635844e-07 1.839465995632689166e-07 9.782442286108707528e-08 4.994702590280088367e-08 2.448379759476230335e-08 1.152271277186777542e-08 5.206399630791546435e-09
1.019706438692677034e-08 2.256796488534929898e-08 4.795307279789372291e-08 9.782442286108707528e-08 1.915953459717035679e-07 3.602710995156009183e-07 6.504002550807596409e-07 1.127298136976749483e-06 1.875874086430675517e-06 2.996921636981630907e-06 4.596781902561815324e-06 6.769229195394054601e-06 9.570427713113409174e-06 1.299063211889140944e-05 1.692918416315160692e-05 2.118110353840884022e-05 2.544297816859582306e-05 2.934229748308979537e-05 3.248830807591869622e-05 3.453559018520504256e-05 3.524629549753762034e-05 3.453559018520504256e-05 3.248830807591869622e-05 2.934229748308979537e-05 2.544297816859582306e-05 2.118110353840884022e-05 1.692918416315160692e-05 1.299063211889140944e-05 9.570427713113409174e-06 6.769229195394054601e-06 4.596781902561815324e-06 2.996921636981630907e-06 1.875874086430675517e-06 1.127298136976749483e-06 6.504002550807596409e-07 3.602710995156009183e-07 1.915953459717035679e-07 9.782442286108707528e-08 4.795307279789372291e-08 2.256796488534929898e-08 1.019706438692677034e-08
1.917430499095760709e-08 4.243623706953232888e-08 9.016975947109037561e-08 1.839465995632689166e-07 3.602710995156009183e-07 6.774447703199926909e-07 1.222996382478826015e-06 2.119743239225049082e-06 3.527346743438195059e-06 5.635336536185631972e-06 8.643673790040527918e-06 1.272868937775712686e-05 1.799599305270792890e-05 2.442725992711168288e-05 3.183321474448291605e-05 3.982841765824180505e-05 4.784234018453257560e-05 5.517452275749881887e-05 6.109020243968477960e-05 6.493986054484639659e-05 6.627625304961763740e-05 6.493986054484639659e-05 6.109020243968477960e-05 5.517452275749881887e-05 4.784234018453257560e-05 3.982841765824180505e-05 3.183321474448291605e-05 2.442725992711168288e-05 1.799599305270792890e-05 1.272868937775712686e-05 8.643673790040527918e-06 5.635336536185631972e-06 3.527346743438195059e-06 2.119743239225049082e-06 1.222996382478826015e-06 6.774447703199926909e-07 3.602710995156009183e-07 1.839465995632689166e-07 9.016975947109037561e-08 4.243623706953232888e-08 1.917430499095760709e-08
3.461552390375696419e-08 7.661047320143472267e-08 1.627841773581625784e-07 3.320802457872635844e-07 6.504002550807596409e-07 1.222996382478826015e-06 2.207885007142042766e-06 3.826789174461615432e-06 6.367946873271578815e-06 1.017351745818383801e-05 1.560449240984367885e-05 2.297920324241406004e-05 3.248830807591869622e-05 4.409872484603628504e-05 5.746875344064528146e-05 7.190255626724709886e-05 8.637015375787305302e-05 9.960700073829371393e-05 1.102866238872029885e-04 1.172364420017765562e-04 1.196490419221139659e-04 1.172364420017765562e-04 1.102866238872029885e-04 9.960700073829371393e-05 8.637015375787305302e-05 7.190255626724709886e-05 5.746875344064528146e-05 4.409872484603628504e-05 3.248830807591869622e-05 2.297920324241406004e-05 1.560449240984367885e-05 1.017351745818383801e-05 6.367946873271578815e-06 3.826789174461615432e-06 2.207885007142042766e-06 1.222996382478826015e-06 6.504002550807596409e-07 3.320802457872635844e-07 1.627841773581625784e-07 7.661047320143472267e-08 3.461552390375696419e-08
5.999692543529846080e-08 1.327841479738674327e-07 2.821436468261593040e-07 5.755739477012969938e-07 1.127298136976749483e-06 2.119743239225049082e-06 3.826789174461615432e-06 6.632734648047951747e-06 1.103716456217352397e-05 1.763312235430635253e-05 2.704629200968005888e-05 3.982841765824180505e-05 5.630995511058385601e-05 7.643356529098270264e-05 9.960700073829380880e-05 1.246242096166906143e-04 1.496999926753659162e-04 1.726425927495644705e-04 1.911529164853451772e-04 2.031986021253563853e-04 2.073802108720027037e-04 2.031986021253563853e-04 1.911529164853451772e-04 1.726425927495644705e-04 1.496999926753659162e-04 1.246242096166906143e-04 9.960700073829380880e-05 7.643356529098270264e-05 5.630995511058385601e-05 3.982841765824180505e-05 2.704629200968005888e-05 1.763312235430635253e-05 1.103716456217352397e-05 6.632734648047951747e-06 3.826789174461615432e-06 2.119743239225049082e-06 1.127298136976749483e-06 5.755739477012969938e-07 2.821436468261593040e-07 1.327841479738674327e-07 5.999692543529846080e-08
9.983754429988108025e-08 2.209587101252267211e-07 4.694995390941153502e-07 9.577805709970196063e-07 1.875874086430675517e-06 3.527346743438195059e-06 6.367946873271578815e-06 1.103716456217352397e-05 1.836633123991339729e-05 2.934229748308979537e-05 4.500622918712601946e-05 6.627625304961763740e-05 9.370226219241703405e-05 1.271888418509987181e-04 1.657504659886613850e-04 2.073802108720027037e-04 2.491074257886156679e-04 2.872849296297482445e-04 3.180869291083562541e-04 3.381314841414966737e-04 3.450898665162449629e-04 3.381314841414966737e-04 3.180869291083562541e-04 2.872849296297482445e-04 2.491074257886156679e-04 2.073802108720027037e-04 1.657504659886613850e-04 1.271888418509987181e-04 9.370226219241703405e-05 6.627625304961763740e-05 4.500622918712601946e-05 2.934229748308979537e-05 1.836633123991339729e-05 1.103716456217352397e-05 6.367946873271578815e-06 3.527346743438195059e-06 1.875874086430675517e-06 9.577805709970196063e-07 4.694995390941153502e-07 2.209587101252267211e-07 9.983754429988108025e-08
1.595018017785722907e-07 3.530066031850996433e-07 7.500787699143140301e-07 1.530163105010550509e-06 2.996921636981630907e-06 5.635336536185631972e-06 1.017351745818383801e-05 1.763312235430635253e-05 2.934229748308979537e-05 4.687764858095837495e-05 7.190255626724704465e-05 1.058838320861944777e-04 1.496999926753658349e-04 2.031986021253563853e-04 2.648051708024728155e-04 3.313134103934895543e-04 3.979773694188660366e-04 4.589702623507914869e-04 5.081799504463197252e-04 5.402034008031554807e-04 5.513202059491524804e-04 5.402034008031554807e-04 5.081799504463197252e-04 4.589702623507914869e-04 3.979773694188660366e-04 3.313134103934895543e-04 2.648051708024728155e-04 2.031986021253563853e-04 1.496999926753658349e-04 1.058838320861944777e-04 7.190255626724704465e-05 4.687764858095837495e-05 2.934229748308979537e-05 1.763312235430635253e-05 1.017351745818383801e-05 5.635336536185631972e-06 2.996921636981630907e-06 1.530163105010550509e-06 7.500787699143140301e-07 3.530066031850996433e-07 1.595018017785722907e-07
2.446493718067932227e-07 5.414537187032997760e-07 1.150496720531729802e-06 2.347017013152352772e-06 4.596781902561815324e-06 8.643673790040527918e-06 1.560449240984367885e-05 2.704629200968005888e-05 4.500622918712601946e-05 7.190255626724704465e-05 1.102866238872029885e-04 1.624082782484497878e-04 2.296150185083987961e-04 3.116730332049792349e-04 4.061673157645722342e-04 5.081799504463193999e-04 6.104314329741060419e-04 7.039844384830331410e-04 7.794639574924325503e-04 8.285826315483041209e-04 8.456339711892338915e-04 8.285826315483041209e-04 7.794639574924325503e-04 7.039844384830331410e-04 6.104314329741060419e-04 5.081799504463193999e-04 4.061673157645722342e-04 3.116730332049792349e-04 2.296150185083987961e-04 1.624082782484497878e-04 1.102866238872029885e-04 7.190255626724704465e-05 4.500622918712601946e-05 2.704629200968005888e-05 1.560449240984367885e-05 8.643673790040527918e-06 4.596781902561815324e-06 2.347017013152352772e-06 1.150496720531729802e-06 5.414537187032997760e-07 2.446493718067932227e-07
3.602710995156009183e-07 7.973457079959366486e-07 1.694223514386924414e-06 3.456221422787810559e-06 6.769229195394054601e-06 1.272868937775712686e-05 2.297920324241406004e-05 3.982841765824180505e-05 6.627625304961763740e-05 1.058838320861944777e-04 1.624082782484497878e-04 2.391627190492542595e-04 3.381314841414966737e-04 4.589702623507914869e-04 5.981227107068312534e-04 7.483466977534881199e-04 8.989224125625090277e-04 1.036688734661662470e-03 1.147840008436034438e-03 1.220172255104676803e-03 1.245282088149754105e-03 1.220172255104676803e-03 1.147840008436034438e-03 1.036688734661662470e-03 8.989224125625090277e-04 7.483466977534881199e-04 5.981227107068312534e-04 4.589702623507914869e-04 3.381314841414966737e-04 2.391627190492542595e-04 1.624082782484497878e-04 1.058838320861944777e-04 6.627625304961763740e-05 3.982841765824180505e-05 2.297920324241406004e-05 1.272868937775712686e-05 6.769229195394054601e-06 3.456221422787810559e-06 1.694223514386924414e-06 7.973457079959366486e-07 3.602710995156009183e-07
5.093561490552006173e-07 1.127298136976751600e-06 2.395316099701533249e-06 4.886452553536148854e-06 9.570427713113409174e-06 1.799599305270792890e-05 3.248830807591869622e-05 5.630995511058385601e-05 9.370226219241703405e-05 1.496999926753658349e-04 2.296150185083987961e-04 3.381314841414966737e-04 4.780548616533538114e-04 6.488983592527403695e-04 8.456339711892342167e-04 1.058022674142882619e-03 1.270908654560070706e-03 1.465684542463020334e-03 1.622831715379239280e-03 1.725096023188517477e-03 1.760596644471923433e-03 1.725096023188517477e-03 1.622831715379239280e-03 1.465684542463020334e-03 1.270908654560070706e-03 1.058022674142882619e-03 8.456339711892342167e-04 6.488983592527403695e-04 4.780548616533538114e-04 3.381314841414966737e-04 2.296150185083987961e-04 1.496999926753658349e-04 9.370226219241703405e-05 5.630995511058385601e-05 3.248830807591869622e-05 1.799599305270792890e-05 9.570427713113409174e-06 4.886452553536148854e-06 2.395316099701533249e-06 1.127298136976751600e-06 5.093561490552006173e-07
6.913858552847019593e-07 1.530163105010550509e-06 3.251335383584198865e-06 6.632734648047951747e-06 1.299063211889140944e-05 2.442725992711168288e-05 4.409872484603628504e-05 7.643356529098270264e-05 1.271888418509987181e-04 2.031986021253563853e-04 3.116730332049792349e-04 4.589702623507914869e-04 6.488983592527403695e-04 8.807965662866183883e-04 1.147840008436034438e-03 1.436130520520346098e-03 1.725096023188517477e-03 1.989479390497241040e-03 2.202786587737886118e-03 2.341597311925595979e-03 2.389784866850953697e-03 2.341597311925595979e-03 2.202786587737886118e-03 1.989479390497241040e-03 1.725096023188517477e-03 1.436130520520346098e-03 1.147840008436034438e-03 8.807965662866183883e-04 6.488983592527403695e-04 4.589702623507914869e-04 3.116730332049792349e-04 2.031986021253563853e-04 1.271888418509987181e-04 7.643356529098270264e-05 4.409872484603628504e-05 2.442725992711168288e-05 1.299063211889140944e-05 6.632734648047951747e-06 3.251335383584198865e-06 1.530163105010550509e-06 6.913858552847019593e-07
9.010029969897762069e-07 1.994084103629756430e-06 4.237088309569131918e-06 8.643673790040527918e-06 1.692918416315160692e-05 3.183321474448291605e-05 5.746875344064528146e-05 9.960700073829380880e-05 1.657504659886613850e-04 2.648051708024728155e-04 4.061673157645722342e-04 5.981227107068312534e-04 8.456339711892342167e-04 1.147840008436034438e-03 1.495846754399924369e-03 1.871542342335724132e-03 2.248117567212819679e-03 2.592657746157206282e-03 2.870636276559985611e-03 3.051532193870800519e-03 3.114329445323793782e-03 3.051532193870800519e-03 2.870636276559985611e-03 2.592657746157206282e-03 2.248117567212819679e-03 1.871542342335724132e-03 1.495846754399924369e-03 1.147840008436034438e-03 8.456339711892342167e-04 5.981227107068312534e-04 4.061673157645722342e-04 2.648051708024728155e-04 1.657504659886613850e-04 9.960700073829380880e-05 5.746875344064528146e-05 3.183321474448291605e-05 1.692918416315160692e-05 8.643673790040527918e-06 4.237088309569131918e-06 1.994084103629756430e-06 9.010029969897762069e-07
1.127298136976749483e-06 2.494916556889415038e-06 5.301271775500489073e-06 1.081461148597935625e-05 2.118110353840884022e-05 3.982841765824180505e-05 7.190255626724709886e-05 1.246242096166906143e-04 2.073802108720027037e-04 3.313134103934895543e-04 5.081799504463193999e-04 7.483466977534881199e-04 1.058022674142882619e-03 1.436130520520346098e-03 1.871542342335724132e-03 2.341597311925595979e-03 2.812752847316525931e-03 3.243827442112851879e-03 3.591622821805849543e-03 3.817952402564720165e-03 3.896521757835159222e-03 3.817952402564720165e-03 3.591622821805849543e-03 3.243827442112851879e-03 2.812752847316525931e-03 2.341597311925595979e-03 1.871542342335724132e-03 1.436130520520346098e-03 1.058022674142882619e-03 7.483466977534881199e-04 5.081799504463193999e-04 3.313134103934895543e-04 2.073802108720027037e-04 1.246242096166906143e-04 7.190255626724709886e-05 3.982841765824180505e-05 2.118110353840884022e-05 1.081461148597935625e-05 5.301271775500489073e-06 2.494916556889415038e-06 1.127298136976749483e-06
1.354123114340473653e-06 2.996921636981630907e-06 6.367946873271578815e-06 1.299063211889140944e-05 2.544297816859582306e-05 4.784234018453257560e-05 8.637015375787305302e-05 1.496999926753659162e-04 2.491074257886156679e-04 3.979773694188660366e-04 6.104314329741060419e-04 8.989224125625090277e-04 1.270908654560070706e-03 1.725096023188517477e-03 2.248117567212819679e-03 2.812752847316525931e-03 3.378710139354060022e-03 3.896521757835159222e-03 4.314297452884341064e-03 4.586167073450294826e-03 4.680545460640624968e-03 4.586167073450294826e-03 4.314297452884341064e-03 3.896521757835159222e-03 3.378710139354060022e-03 2.812752847316525931e-03 2.248117567212819679e-03 1.725096023188517477e-03 1.270908654560070706e-03 8.989224125625090277e-04 6.104314329741060419e-04 3.979773694188660366e-04 2.491074257886156679e-04 1.496999926753659162e-04 8.637015375787305302e-05 4.784234018453257560e-05 2.544297816859582306e-05 1.299063211889140944e-05 6.367946873271578815e-06 2.996921636981630907e-06 1.354123114340473653e-06
1.561652216435437936e-06 3.456221422787810559e-06 7.343880510917338301e-06 1.498153988106533057e-05 2.934229748308979537e-05 5.517452275749881887e-05 9.960700073829371393e-05 1.726425927495644705e-04 2.872849296297482445e-04 4.589702623507914869e-04 7.039844384830331410e-04 1.036688734661662470e-03 1.465684542463020334e-03 1.989479390497241040e-03 2.592657746157206282e-03 3.243827442112851879e-03 3.896521757835159222e-03 4.493691729408150377e-03 4.975494553122722548e-03 5.289030147517378641e-03 5.397872701033029109e-03 5.289030147517378641e-03 4.975494553122722548e-03 4.493691729408150377e-03 3.896521757835159222e-03 3.243827442112851879e-03 2.592657746157206282e-03 1.989479390497241040e-03 1.465684542463020334e-03 1.036688734661662470e-03 7.039844384830331410e-04 4.589702623507914869e-04 2.872849296297482445e-04 1.726425927495644705e-04 9.960700073829371393e-05 5.517452275749881887e-05 2.934229748308979537e-05 1.498153988106533057e-05 7.343880510917338301e-06 3.456221422787810559e-06 1.561652216435437936e-06
1.729088812634219055e-06 3.826789174461618820e-06 8.131273723501684960e-06 1.658782456923205600e-05 3.248830807591869622e-05 6.109020243968477960e-05 1.102866238872029885e-04 1.911529164853451772e-04 3.180869291083562541e-04 5.081799504463197252e-04 7.794639574924325503e-04 1.147840008436034438e-03 1.622831715379239280e-03 2.202786587737886118e-03 2.870636276559985611e-03 3.591622821805849543e-03 4.314297452884341064e-03 4.975494553122722548e-03 5.508955117269327337e-03 5.856107244308127700e-03 5.976619634737814248e-03 5.856107244308127700e-03 5.508955117269327337e-03 4.975494553122722548e-03 4.314297452884341064e-03 3.591622821805849543e-03 2.870636276559985611e-03 2.202786587737886118e-03 1.622831715379239280e-03 1.147840008436034438e-03 7.794639574924325503e-04 5.081799504463197252e-04 3.180869291083562541e-04 1.911529164853451772e-04 1.102866238872029885e-04 6.109020243968477960e-05 3.248830807591869622e-05 1.658782456923205600e-05 8.131273723501684960e-06 3.826789174461618820e-06 1.729088812634219055e-06
1.838049014045791602e-06 4.067937990047158987e-06 8.643673790040527918e-06 1.763312235430635253e-05 3.453559018520504256e-05 6.493986054484639659e-05 1.172364420017765562e-04 2.031986021253563853e-04 3.381314841414966737e-04 5.402034008031554807e-04 8.285826315483041209e-04 1.220172255104676803e-03 1.725096023188517477e-03 2.341597311925595979e-03 3.051532193870800519e-03 3.817952402564720165e-03 4.586167073450294826e-03 5.289030147517378641e-03 5.856107244308127700e-03 6.225135497897637746e-03 6.353242092996201282e-03 6.225135497897637746e-03 5.856107244308127700e-03 5.289030147517378641e-03 4.586167073450294826e-03 3.817952402564720165e-03 3.051532193870800519e-03 2.341597311925595979e-03 1.725096023188517477e-03 1.220172255104676803e-03 8.285826315483041209e-04 5.402034008031554807e-04 3.381314841414966737e-04 2.031986021253563853e-04 1.172364420017765562e-04 6.493986054484639659e-05 3.453559018520504256e-05 1.763312235430635253e-05 8.643673790040527918e-06 4.067937990047158987e-06 1.838049014045791602e-06
1.875874086430671917e-06 4.151651779916156008e-06 8.821551302708123052e-06 1.799599305270792890e-05 3.524629549753762034e-05 6.627625304961763740e-05 1.196490419221139659e-04 2.073802108720027037e-04 3.450898665162449629e-04 5.513202059491524804e-04 8.456339711892338915e-04 1.245282088149754105e-03 1.760596644471923433e-03 2.389784866850953697e-03 3.114329445323793782e-03 3.896521757835159222e-03 4.680545460640624968e-03 5.397872701033029109e-03 5.976619634737814248e-03 6.353242092996201282e-03 6.483984984077924979e-03 6.353242092996201282e-03 5.976619634737814248e-03 5.397872701033029109e-03 4.680545460640624968e-03 3.896521757835159222e-03 3.114329445323793782e-03 2.389784866850953697e-03 1.760596644471923433e-03 1.245282088149754105e-03 8.456339711892338915e-04 5.513202059491524804e-04 3.450898665162449629e-04 2.073802108720027037e-04 1.196490419221139659e-04 6.627625304961763740e-05 3.524629549753762034e-05 1.799599305270792890e-05 8.821551302708123052e-06 4.151651779916156008e-06 1.875874086430671917e-06
1.838049014045791602e-06 4.067937990047158987e-06 8.643673790040527918e-06 1.763312235430635253e-05 3.453559018520504256e-05 6.493986054484639659e-05 1.172364420017765562e-04 2.031986021253563853e-04 3.381314841414966737e-04 5.402034008031554807e-04 8.285826315483041209e-04 1.220172255104676803e-03 1.725096023188517477e-03 2.341597311925595979e-03 3.051532193870800519e-03 3.817952402564720165e-03 4.586167073450294826e-03 5.289030147517378641e-03 5.856107244308127700e-03 6.225135497897637746e-03 6.353242092996201282e-03 6.225135497897637746e-03 5.856107244308127700e-03 5.289030147517378641e-03 4.586167073450294826e-03 3.817952402564720165e-03 3.051532193870800519e-03 2.341597311925595979e-03 1.725096023188517477e-03 1.220172255104676803e-03 8.285826315483041209e-04 5.402034008031554807e-04 3.381314841414966737e-04 2.031986021253563853e-04 1.172364420017765562e-04 6.493986054484639659e-05 3.453559018520504256e-05 1.763312235430635253e-05 8.643673790040527918e-06 4.067937990047158987e-06 1.838049014045791602e-06
1.729088812634219055e-06 3.826789174461618820e-06 8.131273723501684960e-06 1.658782456923205600e-05 3.248830807591869622e-05 6.109020243968477960e-05 1.102866238872029885e-04 1.911529164853451772e-04 3.180869291083562541e-04 5.081799504463197252e-04 7.794639574924325503e-04 1.147840008436034438e-03 1.622831715379239280e-03 2.202786587737886118e-03 2.870636276559985611e-03 3.591622821805849543e-03 4.314297452884341064e-03 4.975494553122722548e-03 5.508955117269327337e-03 5.856107244308127700e-03 5.976619634737814248e-03 5.856107244308127700e-03 5.508955117269327337e-03 4.975494553122722548e-03 4.314297452884341064e-03 3.591622821805849543e-03 2.870636276559985611e-03 2.202786587737886118e-03 1.622831715379239280e-03 1.147840008436034438e-03 7.794639574924325503e-04 5.081799504463197252e-04 3.180869291083562541e-04 1.911529164853451772e-04 1.102866238872029885e-04 6.109020243968477960e-05 3.248830807591869622e-05 1.658782456923205600e-05 8.131273723501684960e-06 3.826789174461618820e-06 1.729088812634219055e-06
1.561652216435437936e-06 3.456221422787810559e-06 7.343880510917338301e-06 1.498153988106533057e-05 2.934229748308979537e-05 5.517452275749881887e-05 9.960700073829371393e-05 1.726425927495644705e-04 2.872849296297482445e-04 4.589702623507914869e-04 7.039844384830331410e-04 1.036688734661662470e-03 1.465684542463020334e-03 1.989479390497241040e-03 2.592657746157206282e-03 3.243827442112851879e-03 3.896521757835159222e-03 4.493691729408150377e-03 4.975494553122722548e-03 5.289030147517378641e-03 5.397872701033029109e-03 5.289030147517378641e-03 4.975494553122722548e-03 4.493691729408150377e-03 3.896521757835159222e-03 3.243827442112851879e-03 2.592657746157206282e-03 1.989479390497241040e-03 1.465684542463020334e-03 1.036688734661662470e-03 7.039844384830331410e-04 4.589702623507914869e-04 2.872849296297482445e-04 1.726425927495644705e-04 9.960700073829371393e-05 5.517452275749881887e-05 2.934229748308979537e-05 1.498153988106533057e-05 7.343880510917338301e-06 3.456221422787810559e-06 1.561652216435437936e-06
1.354123114340473653e-06 2.996921636981630907e-06 6.367946873271578815e-06 1.299063211889140944e-05 2.544297816859582306e-05 4.784234018453257560e-05 8.637015375787305302e-05 1.496999926753659162e-04 2.491074257886156679e-04 3.979773694188660366e-04 6.104314329741060419e-04 8.989224125625090277e-04 1.270908654560070706e-03 1.725096023188517477e-03 2.248117567212819679e-03 2.812752847316525931e-03 3.378710139354060022e-03 3.896521757835159222e-03 4.314297452884341064e-03 4.586167073450294826e-03 4.680545460640624968e-03 4.586167073450294826e-03 4.314297452884341064e-03 3.896521757835159222e-03 3.378710139354060022e-03 2.812752847316525931e-03 2.248117567212819679e-03 1.725096023188517477e-03 1.270908654560070706e-03 8.989224125625090277e-04 6.104314329741060419e-04 3.979773694188660366e-04 2.491074257886156679e-04 1.496999926753659162e-04 8.637015375787305302e-05 4.784234018453257560e-05 2.544297816859582306e-05 1.299063211889140944e-05 6.367946873271578815e-06 2.996921636981630907e-06 1.354123114340473653e-06
1.127298136976749483e-06 2.494916556889415038e-06 5.301271775500489073e-06 1.081461148597935625e-05 2.118110353840884022e-05 3.982841765824180505e-05 7.190255626724709886e-05 1.246242096166906143e-04 2.073802108720027037e-04 3.313134103934895543e-04 5.081799504463193999e-04 7.483466977534881199e-04 1.058022674142882619e-03 1.436130520520346098e-03 1.871542342335724132e-03 2.341597311925595979e-03 2.812752847316525931e-03 3.243827442112851879e-03 3.591622821805849543e-03 3.817952402564720165e-03 3.896521757835159222e-03 3.817952402564720165e-03 3.591622821805849543e-03 3.243827442112851879e-03 2.812752847316525931e-03 2.341597311925595979e-03 1.871542342335724132e-03 1.436130520520346098e-03 1.058022674142882619e-03 7.483466977534881199e-04 5.081799504463193999e-04 3.313134103934895543e-04 2.073802108720027037e-04 1.246242096166906143e-04 7.190255626724709886e-05 3.982841765824180505e-05 2.118110353840884022e-05 1.081461148597935625e-05 5.301271775500489073e-06 2.494916556889415038e-06 1.127298136976749483e-06
9.010029969897762069e-07 1.994084103629756430e-06 4.237088309569131918e-06 8.643673790040527918e-06 1.692918416315160692e-05 3.183321474448291605e-05 5.746875344064528146e-05 9.960700073829380880e-05 1.657504659886613850e-04 2.648051708024728155e-04 4.061673157645722342e-04 5.981227107068312534e-04 8.456339711892342167e-04 1.147840008436034438e-03 1.495846754399924369e-03 1.871542342335724132e-03 2.248117567212819679e-03 2.592657746157206282e-03 2.870636276559985611e-03 3.051532193870800519e-03 3.114329445323793782e-03 3.051532193870800519e-03 2.870636276559985611e-03 2.592657746157206282e-03 2.248117567212819679e-03 1.871542342335724132e-03 1.495846754399924369e-03 1.147840008436034438e-03 8.456339711892342167e-04 5.981227107068312534e-04 4.061673157645722342e-04 2.648051708024728155e-04 1.657504659886613850e-04 9.960700073829380880e-05 5.746875344064528146e-05 3.183321474448291605e-05 1.692918416315160692e-05 8.643673790040527918e-06 4.237088309569131918e-06 1.994084103629756430e-06 9.010029969897762069e-07
6.913858552847019593e-07 1.530163105010550509e-06 3.251335383584198865e-06 6.632734648047951747e-06 1.299063211889140944e-05 2.442725992711168288e-05 4.409872484603628504e-05 7.643356529098270264e-05 1.271888418509987181e-04 2.031986021253563853e-04 3.116730332049792349e-04 4.589702623507914869e-04 6.488983592527403695e-04 8.807965662866183883e-04 1.147840008436034438e-03 1.436130520520346098e-03 1.725096023188517477e-03 1.989479390497241040e-03 2.202786587737886118e-03 2.341597311925595979e-03 2.389784866850953697e-03 2.341597311925595979e-03 2.202786587737886118e-03 1.989479390497241040e-03 1.725096023188517477e-03 1.436130520520346098e-03 1.147840008436034438e-03 8.807965662866183883e-04 6.488983592527403695e-04 4.589702623507914869e-04 3.116730332049792349e-04 2.031986021253563853e-04 1.271888418509987181e-04 7.643356529098270264e-05 4.409872484603628504e-05 2.442725992711168288e-05 1.299063211889140944e-05 6.632734648047951747e-06 3.251335383584198865e-06 1.530163105010550509e-06 6.913858552847019593e-07
5.093561490552006173e-07 1.127298136976751600e-06 2.395316099701533249e-06 4.886452553536148854e-06 9.570427713113409174e-06 1.799599305270792890e-05 3.248830807591869622e-05 5.630995511058385601e-05 9.370226219241703405e-05 1.496999926753658349e-04 2.296150185083987961e-04 3.381314841414966737e-04 4.780548616533538114e-04 6.488983592527403695e-04 8.456339711892342167e-04 1.058022674142882619e-03 1.270908654560070706e-03 1.465684542463020334e-03 1.622831715379239280e-03 1.725096023188517477e-03 1.760596644471923433e-03 1.725096023188517477e-03 1.622831715379239280e-03 1.465684542463020334e-03 1.270908654560070706e-03 1.058022674142882619e-03 8.456339711892342167e-04 6.488983592527403695e-04 4.780548616533538114e-04 3.381314841414966737e-04 2.296150185083987961e-04 1.496999926753658349e-04 9.370226219241703405e-05 5.630995511058385601e-05 3.248830807591869622e-05 1.799599305270792890e-05 9.570427713113409174e-06 4.886452553536148854e-06 2.395316099701533249e-06 1.127298136976751600e-06 5.093561490552006173e-07
3.602710995156009183e-07 7.973457079959366486e-07 1.694223514386924414e-06 3.456221422787810559e-06 6.769229195394054601e-06 1.272868937775712686e-05 2.297920324241406004e-05 3.982841765824180505e-05 6.627625304961763740e-05 1.058838320861944777e-04 1.624082782484497878e-04 2.391627190492542595e-04 3.381314841414966737e-04 4.589702623507914869e-04 5.981227107068312534e-04 7.483466977534881199e-04 8.989224125625090277e-04 1.036688734661662470e-03 1.147840008436034438e-03 1.220172255104676803e-03 1.245282088149754105e-03 1.220172255104676803e-03 1.147840008436034438e-03 1.036688734661662470e-03 8.989224125625090277e-04 7.483466977534881199e-04 5.981227107068312534e-04 4.589702623507914869e-04 3.381314841414966737e-04 2.391627190492542595e-04 1.624082782484497878e-04 1.058838320861944777e-04 6.627625304961763740e-05 3.982841765824180505e-05 2.297920324241406004e-05 1.272868937775712686e-05 6.769229195394054601e-06 3.456221422787810559e-06 1.694223514386924414e-06 7.973457079959366486e-07 3.602710995156009183e-07
2.446493718067932227e-07 5.414537187032997760e-07 1.150496720531729802e-06 2.347017013152352772e-06 4.596781902561815324e-06 8.643673790040527918e-06 1.560449240984367885e-05 2.704629200968005888e-05 4.500622918712601946e-05 7.190255626724704465e-05 1.102866238872029885e-04 1.624082782484497878e-04 2.296150185083987961e-04 3.116730332049792349e-04 4.061673157645722342e-04 5.081799504463193999e-04 6.104314329741060419e-04 7.039844384830331410e-04 7.794639574924325503e-04 8.285826315483041209e-04 8.456339711892338915e-04 8.285826315483041209e-04 7.794639574924325503e-04 7.039844384830331410e-04 6.104314329741060419e-04 5.081799504463193999e-04 4.061673157645722342e-04 3.116730332049792349e-04 2.296150185083987961e-04 1.624082782484497878e-04 1.102866238872029885e-04 7.190255626724704465e-05 4.500622918712601946e-05 2.704629200968005888e-05 1.560449240984367885e-05 8.643673790040527918e-06 4.596781902561815324e-06 2.347017013152352772e-06 1.150496720531729802e-06 5.414537187032997760e-07 2.446493718067932227e-07
1.595018017785722907e-07 3.530066031850996433e-07 7.500787699143140301e-07 1.530163105010550509e-06 2.996921636981630907e-06 5.635336536185631972e-06 1.017351745818383801e-05 1.763312235430635253e-05 2.934229748308979537e-05 4.687764858095837495e-05 7.190255626724704465e-05 1.058838320861944777e-04 1.496999926753658349e-04 2.031986021253563853e-04 2.648051708024728155e-04 3.313134103934895543e-04 3.979773694188660366e-04 4.589702623507914869e-04 5.081799504463197252e-04 5.402034008031554807e-04 5.513202059491524804e-04 5.402034008031554807e-04 5.081799504463197252e-04 4.589702623507914869e-04 3.979773694188660366e-04 3.313134103934895543e-04 2.648051708024728155e-04 2.031986021253563853e-04 1.496999926753658349e-04 1.058838320861944777e-04 7.190255626724704465e-05 4.687764858095837495e-05 2.934229748308979537e-05 1.763312235430635253e-05 1.017351745818383801e-05 5.635336536185631972e-06 2.996921636981630907e-06 1.530163105010550509e-06 7.500787699143140301e-07 3.530066031850996433e-07 1.595018017785722907e-07
9.983754429988108025e-08 2.209587101252267211e-07 4.694995390941153502e-07 9.577805709970196063e-07 1.875874086430675517e-06 3.527346743438195059e-06 6.367946873271578815e-06 1.103716456217352397e-05 1.836633123991339729e-05 2.934229748308979537e-05 4.500622918712601946e-05 6.627625304961763740e-05 9.370226219241703405e-05 1.271888418509987181e-04 1.657504659886613850e-04 2.073802108720027037e-04 2.491074257886156679e-04 2.872849296297482445e-04 3.180869291083562541e-04 3.381314841414966737e-04 3.450898665162449629e-04 3.381314841414966737e-04 3.180869291083562541e-04 2.872849296297482445e-04 2.491074257886156679e-04 2.073802108720027037e-04 1.657504659886613850e-04 1.271888418509987181e-04 9.370226219241703405e-05 6.627625304961763740e-05 4.500622918712601946e-05 2.934229748308979537e-05 1.836633123991339729e-05 1.103716456217352397e-05 6.367946873271578815e-06 3.527346743438195059e-06 1.875874086430675517e-06 9.577805709970196063e-07 4.694995390941153502e-07 2.209587101252267211e-07 9.983754429988108025e-08
5.999692543529846080e-08 1.327841479738674327e-07 2.821436468261593040e-07 5.755739477012969938e-07 1.127298136976749483e-06 2.119743239225049082e-06 3.826789174461615432e-06 6.632734648047951747e-06 1.103716456217352397e-05 1.763312235430635253e-05 2.704629200968005888e-05 3.982841765824180505e-05 5.630995511058385601e-05 7.643356529098270264e-05 9.960700073829380880e-05 1.246242096166906143e-04 1.496999926753659162e-04 1.726425927495644705e-04 1.911529164853451772e-04 2.031986021253563853e-04 2.073802108720027037e-04 2.031986021253563853e-04 1.911529164853451772e-04 1.726425927495644705e-04 1.496999926753659162e-04 1.246242096166906143e-04 9.960700073829380880e-05 7.643356529098270264e-05 5.630995511058385601e-05 3.982841765824180505e-05 2.704629200968005888e-05 1.763312235430635253e-05 1.103716456217352397e-05 6.632734648047951747e-06 3.826789174461615432e-06 2.119743239225049082e-06 1.127298136976749483e-06 5.755739477012969938e-07 2.821436468261593040e-07 1.327841479738674327e-07 5.999692543529846080e-08
3.461552390375696419e-08 7.661047320143472267e-08 1.627841773581625784e-07 3.320802457872635844e-07 6.504002550807596409e-07 1.222996382478826015e-06 2.207885007142042766e-06 3.826789174461615432e-06 6.367946873271578815e-06 1.017351745818383801e-05 1.560449240984367885e-05 2.297920324241406004e-05 3.248830807591869622e-05 4.409872484603628504e-05 5.746875344064528146e-05 7.190255626724709886e-05 8.637015375787305302e-05 9.960700073829371393e-05 1.102866238872029885e-04 1.172364420017765562e-04 1.196490419221139659e-04 1.172364420017765562e-04 1.102866238872029885e-04 9.960700073829371393e-05 8.637015375787305302e-05 7.190255626724709886e-05 5.746875344064528146e-05 4.409872484603628504e-05 3.248830807591869622e-05 2.297920324241406004e-05 1.560449240984367885e-05 1.017351745818383801e-05 6.367946873271578815e-06 3.826789174461615432e-06 2.207885007142042766e-06 1.222996382478826015e-06 6.504002550807596409e-07 3.320802457872635844e-07 1.627841773581625784e-07 7.661047320143472267e-08 3.461552390375696419e-08
1.917430499095760709e-08 4.243623706953232888e-08 9.016975947109037561e-08 1.839465995632689166e-07 3.602710995156009183e-07 6.774447703199926909e-07 1.222996382478826015e-06 2.119743239225049082e-06 3.527346743438195059e-06 5.635336536185631972e-06 8.643673790040527918e-06 1.272868937775712686e-05 1.799599305270792890e-05 2.442725992711168288e-05 3.183321474448291605e-05 3.982841765824180505e-05 4.784234018453257560e-05 5.517452275749881887e-05 6.109020243968477960e-05 6.493986054484639659e-05 6.627625304961763740e-05 6.493986054484639659e-05 6.109020243968477960e-05 5.517452275749881887e-05 4.784234018453257560e-05 3.982841765824180505e-05 3.183321474448291605e-05 2.442725992711168288e-05 1.799599305270792890e-05 1.272868937775712686e-05 8.643673790040527918e-06 5.635336536185631972e-06 3.527346743438195059e-06 2.119743239225049082e-06 1.222996382478826015e-06 6.774447703199926909e-07 3.602710995156009183e-07 1.839465995632689166e-07 9.016975947109037561e-08 4.243623706953232888e-08 1.917430499095760709e-08
1.019706438692677034e-08 2.256796488534929898e-08 4.795307279789372291e-08 9.782442286108707528e-08 1.915953459717035679e-07 3.602710995156009183e-07 6.504002550807596409e-07 1.127298136976749483e-06 1.875874086430675517e-06 2.996921636981630907e-06 4.596781902561815324e-06 6.769229195394054601e-06 9.570427713113409174e-06 1.299063211889140944e-05 1.692918416315160692e-05 2.118110353840884022e-05 2.544297816859582306e-05 2.934229748308979537e-05 3.248830807591869622e-05 3.453559018520504256e-05 3.524629549753762034e-05 3.453559018520504256e-05 3.248830807591869622e-05 2.934229748308979537e-05 2.544297816859582306e-05 2.118110353840884022e-05 1.692918416315160692e-05 1.299063211889140944e-05 9.570427713113409174e-06 6.769229195394054601e-06 4.596781902561815324e-06 2.996921636981630907e-06 1.875874086430675517e-06 1.127298136976749483e-06 6.504002550807596409e-07 3.602710995156009183e-07 1.915953459717035679e-07 9.782442286108707528e-08 4.795307279789372291e-08 2.256796488534929898e-08 1.019706438692677034e-08
5.206399630791546435e-09 1.152271277186777542e-08 2.448379759476230335e-08 4.994702590280088367e-08 9.782442286108707528e-08 1.839465995632689166e-07 3.320802457872635844e-07 5.755739477012969938e-07 9.577805709970196063e-07 1.530163105010550509e-06 2.347017013152352772e-06 3.456221422787810559e-06 4.886452553536148854e-06 6.632734648047951747e-06 8.643673790040527918e-06 1.081461148597935625e-05 1.299063211889140944e-05 1.498153988106533057e-05 1.658782456923205600e-05 1.763312235430635253e-05 1.799599305270792890e-05 1.763312235430635253e-05 1.658782456923205600e-05 1.498153988106533057e-05 1.299063211889140944e-05 1.081461148597935625e-05 8.643673790040527918e-06 6.632734648047951747e-06 4.886452553536148854e-06 3.456221422787810559e-06 2.347017013152352772e-06 1.530163105010550509e-06 9.577805709970196063e-07 5.755739477012969938e-07 3.320802457872635844e-07 1.839465995632689166e-07 9.782442286108707528e-08 4.994702590280088367e-08 2.448379759476230335e-08 1.152271277186777542e-08 5.206399630791546435e-09
