CONV NORM
# 31x31 convolution mask of a Gaussian PSF with FWHM = 2.92 px
2.091569443e-65 2.662519121e-61 1.766127761e-57 6.104645276e-54 1.099531522e-50 1.031962391e-47 5.046949865e-45 1.286183831e-42 1.707992800e-40 1.181892455e-38 4.261660207e-37 8.007346337e-36 7.839842570e-35 3.999769875e-34 1.063338658e-33 1.473048804e-33 1.063338658e-33 3.999769875e-34 7.839842570e-35 8.007346337e-36 4.261660207e-37 1.181892455e-38 1.707992800e-40 1.286183831e-42 5.046949865e-45 1.031962391e-47 1.099531522e-50 6.104645276e-54 1.766127761e-57 2.662519121e-61 2.091569443e-65
2.662519121e-61 3.389324744e-57 2.248239449e-53 7.771071062e-50 1.399677984e-46 1.313664056e-43 6.424649472e-41 1.637282021e-38 2.174235000e-36 1.504521530e-34 5.424994051e-33 1.019316514e-31 9.979936748e-31 5.091613767e-30 1.353605312e-29 1.875156772e-29 1.353605312e-29 5.091613767e-30 9.979936748e-31 1.019316514e-31 5.424994051e-33 1.504521530e-34 2.174235000e-36 1.637282021e-38 6.424649472e-41 1.313664056e-43 1.399677984e-46 7.771071062e-50 2.248239449e-53 3.389324744e-57 2.662519121e-61
1.766127761e-57 2.248239449e-53 1.491323789e-49 5.154781510e-46 9.284478462e-43 8.713922616e-40 4.261660207e-37 1.086057639e-34 1.442234447e-32 9.979936748e-31 3.598559169e-29 6.761428220e-28 6.619987516e-27 3.377418156e-26 8.978864790e-26 1.243847004e-25 8.978864790e-26 3.377418156e-26 6.619987516e-27 6.761428220e-28 3.598559169e-29 9.979936748e-31 1.442234447e-32 1.086057639e-34 4.261660207e-37 8.713922616e-40 9.284478462e-43 5.154781510e-46 1.491323789e-49 2.248239449e-53 1.766127761e-57
6.104645276e-54 7.771071062e-50 5.154781510e-46 1.781757430e-42 3.209192950e-39 3.011979525e-36 1.473048804e-33 3.753973399e-31 4.985103513e-29 3.449579078e-27 1.243847004e-25 2.337097109e-24 2.288207933e-23 1.167409304e-22 3.103557157e-22 4.299374544e-22 3.103557157e-22 1.167409304e-22 2.288207933e-23 2.337097109e-24 1.243847004e-25 3.449579078e-27 4.985103513e-29 3.753973399e-31 1.473048804e-33 3.011979525e-36 3.209192950e-39 1.781757430e-42 5.154781510e-46 7.771071062e-50 6.104645276e-54
1.099531522e-50 1.399677984e-46 9.284478462e-43 3.209192950e-39 5.780202860e-36 5.424994051e-33 2.653165777e-30 6.761428220e-28 8.978864790e-26 6.213171711e-24 2.240341457e-22 4.209436954e-21 4.121380747e-20 2.102666527e-19 5.589938105e-19 7.743771541e-19 5.589938105e-19 2.102666527e-19 4.121380747e-20 4.209436954e-21 2.240341457e-22 6.213171711e-24 8.978864790e-26 6.761428220e-28 2.653165777e-30 5.424994051e-33 5.780202860e-36 3.209192950e-39 9.284478462e-43 1.399677984e-46 1.099531522e-50
1.031962391e-47 1.313664056e-43 8.713922616e-40 3.011979525e-36 5.424994051e-33 5.091613767e-30 2.490121698e-27 6.345920508e-25 8.427089715e-23 5.831355817e-21 2.102666527e-19 3.950755879e-18 3.868110960e-17 1.973452088e-16 5.246421570e-16 7.267896225e-16 5.246421570e-16 1.973452088e-16 3.868110960e-17 3.950755879e-18 2.102666527e-19 5.831355817e-21 8.427089715e-23 6.345920508e-25 2.490121698e-27 5.091613767e-30 5.424994051e-33 3.011979525e-36 8.713922616e-40 1.313664056e-43 1.031962391e-47
5.046949865e-45 6.424649472e-41 4.261660207e-37 1.473048804e-33 2.653165777e-30 2.490121698e-27 1.217827265e-24 3.103557157e-22 4.121380747e-20 2.851902425e-18 1.028337141e-16 1.932169915e-15 1.891751313e-14 9.651430938e-14 2.565832521e-13 3.554461692e-13 2.565832521e-13 9.651430938e-14 1.891751313e-14 1.932169915e-15 1.028337141e-16 2.851902425e-18 4.121380747e-20 3.103557157e-22 1.217827265e-24 2.490121698e-27 2.653165777e-30 1.473048804e-33 4.261660207e-37 6.424649472e-41 5.046949865e-45
1.286183831e-42 1.637282021e-38 1.086057639e-34 3.753973399e-31 6.761428220e-28 6.345920508e-25 3.103557157e-22 7.909222683e-20 1.050308289e-17 7.267896225e-16 2.620653343e-14 4.924015039e-13 4.821010743e-12 2.459607239e-11 6.538864840e-11 9.058324888e-11 6.538864840e-11 2.459607239e-11 4.821010743e-12 4.924015039e-13 2.620653343e-14 7.267896225e-16 1.050308289e-17 7.909222683e-20 3.103557157e-22 6.345920508e-25 6.761428220e-28 3.753973399e-31 1.086057639e-34 1.637282021e-38 1.286183831e-42
1.707992800e-40 2.174235000e-36 1.442234447e-32 4.985103513e-29 8.978864790e-26 8.427089715e-23 4.121380747e-20 1.050308289e-17 1.394760960e-15 9.651430938e-14 3.480106756e-12 6.538864840e-11 6.402079887e-10 3.266244958e-09 8.683310888e-09 1.202903762e-08 8.683310888e-09 3.266244958e-09 6.402079887e-10 6.538864840e-11 3.480106756e-12 9.651430938e-14 1.394760960e-15 1.050308289e-17 4.121380747e-20 8.427089715e-23 8.978864790e-26 4.985103513e-29 1.442234447e-32 2.174235000e-36 1.707992800e-40
1.181892455e-38 1.504521530e-34 9.979936748e-31 3.449579078e-27 6.213171711e-24 5.831355817e-21 2.851902425e-18 7.267896225e-16 9.651430938e-14 6.678572301e-12 2.408155302e-10 4.524746836e-09 4.430094736e-08 2.260167766e-07 6.008655084e-07 8.323822440e-07 6.008655084e-07 2.260167766e-07 4.430094736e-08 4.524746836e-09 2.408155302e-10 6.678572301e-12 9.651430938e-14 7.267896225e-16 2.851902425e-18 5.831355817e-21 6.213171711e-24 3.449579078e-27 9.979936748e-31 1.504521530e-34 1.181892455e-38
4.261660207e-37 5.424994051e-33 3.598559169e-29 1.243847004e-25 2.240341457e-22 2.102666527e-19 1.028337141e-16 2.620653343e-14 3.480106756e-12 2.408155302e-10 8.683310888e-09 1.631530302e-07 1.597400709e-06 8.149698385e-06 2.166596983e-05 3.001398538e-05 2.166596983e-05 8.149698385e-06 1.597400709e-06 1.631530302e-07 8.683310888e-09 2.408155302e-10 3.480106756e-12 2.620653343e-14 1.028337141e-16 2.102666527e-19 2.240341457e-22 1.243847004e-25 3.598559169e-29 5.424994051e-33 4.261660207e-37
8.007346337e-36 1.019316514e-31 6.761428220e-28 2.337097109e-24 4.209436954e-21 3.950755879e-18 1.932169915e-15 4.924015039e-13 6.538864840e-11 4.524746836e-09 1.631530302e-07 3.065525536e-06 3.001398538e-05 1.531268434e-04 4.070876507e-04 5.639407280e-04 4.070876507e-04 1.531268434e-04 3.001398538e-05 3.065525536e-06 1.631530302e-07 4.524746836e-09 6.538864840e-11 4.924015039e-13 1.932169915e-15 3.950755879e-18 4.209436954e-21 2.337097109e-24 6.761428220e-28 1.019316514e-31 8.007346337e-36
7.839842570e-35 9.979936748e-31 6.619987516e-27 2.288207933e-23 4.121380747e-20 3.868110960e-17 1.891751313e-14 4.821010743e-12 6.402079887e-10 4.430094736e-08 1.597400709e-06 3.001398538e-05 2.938612998e-04 1.499236195e-03 3.985718813e-03 5.521437864e-03 3.985718813e-03 1.499236195e-03 2.938612998e-04 3.001398538e-05 1.597400709e-06 4.430094736e-08 6.402079887e-10 4.821010743e-12 1.891751313e-14 3.868110960e-17 4.121380747e-20 2.288207933e-23 6.619987516e-27 9.979936748e-31 7.839842570e-35
3.999769875e-34 5.091613767e-30 3.377418156e-26 1.167409304e-22 2.102666527e-19 1.973452088e-16 9.651430938e-14 2.459607239e-11 3.266244958e-09 2.260167766e-07 8.149698385e-06 1.531268434e-04 1.499236195e-03 7.648877786e-03 2.033453847e-02 2.816954631e-02 2.033453847e-02 7.648877786e-03 1.499236195e-03 1.531268434e-04 8.149698385e-06 2.260167766e-07 3.266244958e-09 2.459607239e-11 9.651430938e-14 1.973452088e-16 2.102666527e-19 1.167409304e-22 3.377418156e-26 5.091613767e-30 3.999769875e-34
1.063338658e-33 1.353605312e-29 8.978864790e-26 3.103557157e-22 5.589938105e-19 5.246421570e-16 2.565832521e-13 6.538864840e-11 8.683310888e-09 6.008655084e-07 2.166596983e-05 4.070876507e-04 3.985718813e-03 2.033453847e-02 5.405936223e-02 7.488872737e-02 5.405936223e-02 2.033453847e-02 3.985718813e-03 4.070876507e-04 2.166596983e-05 6.008655084e-07 8.683310888e-09 6.538864840e-11 2.565832521e-13 5.246421570e-16 5.589938105e-19 3.103557157e-22 8.978864790e-26 1.353605312e-29 1.063338658e-33
1.473048804e-33 1.875156772e-29 1.243847004e-25 4.299374544e-22 7.743771541e-19 7.267896225e-16 3.554461692e-13 9.058324888e-11 1.202903762e-08 8.323822440e-07 3.001398538e-05 5.639407280e-04 5.521437864e-03 2.816954631e-02 7.488872737e-02 1.037437597e-01 7.488872737e-02 2.816954631e-02 5.521437864e-03 5.639407280e-04 3.001398538e-05 8.323822440e-07 1.202903762e-08 9.058324888e-11 3.554461692e-13 7.267896225e-16 7.743771541e-19 4.299374544e-22 1.243847004e-25 1.875156772e-29 1.473048804e-33
1.063338658e-33 1.353605312e-29 8.978864790e-26 3.103557157e-22 5.589938105e-19 5.246421570e-16 2.565832521e-13 6.538864840e-11 8.683310888e-09 6.008655084e-07 2.166596983e-05 4.070876507e-04 3.985718813e-03 2.033453847e-02 5.405936223e-02 7.488872737e-02 5.405936223e-02 2.033453847e-02 3.985718813e-03 4.070876507e-04 2.166596983e-05 6.008655084e-07 8.683310888e-09 6.538864840e-11 2.565832521e-13 5.246421570e-16 5.589938105e-19 3.103557157e-22 8.978864790e-26 1.353605312e-29 1.063338658e-33
3.999769875e-34 5.091613767e-30 3.377418156e-26 1.167409304e-22 2.102666527e-19 1.973452088e-16 9.651430938e-14 2.459607239e-11 3.266244958e-09 2.260167766e-07 8.149698385e-06 1.531268434e-04 1.499236195e-03 7.648877786e-03 2.033453847e-02 2.816954631e-02 2.033453847e-02 7.648877786e-03 1.499236195e-03 1.531268434e-04 8.149698385e-06 2.260167766e-07 3.266244958e-09 2.459607239e-11 9.651430938e-14 1.973452088e-16 2.102666527e-19 1.167409304e-22 3.377418156e-26 5.091613767e-30 3.999769875e-34
7.839842570e-35 9.979936748e-31 6.619987516e-27 2.288207933e-23 4.121380747e-20 3.868110960e-17 1.891751313e-14 4.821010743e-12 6.402079887e-10 4.430094736e-08 1.597400709e-06 3.001398538e-05 2.938612998e-04 1.499236195e-03 3.985718813e-03 5.521437864e-03 3.985718813e-03 1.499236195e-03 2.938612998e-04 3.001398538e-05 1.597400709e-06 4.430094736e-08 6.402079887e-10 4.821010743e-12 1.891751313e-14 3.868110960e-17 4.121380747e-20 2.288207933e-23 6.619987516e-27 9.979936748e-31 7.839842570e-35
8.007346337e-36 1.019316514e-31 6.761428220e-28 2.337097109e-24 4.209436954e-21 3.950755879e-18 1.932169915e-15 4.924015039e-13 6.538864840e-11 4.524746836e-09 1.631530302e-07 3.065525536e-06 3.001398538e-05 1.531268434e-04 4.070876507e-04 5.639407280e-04 4.070876507e-04 1.531268434e-04 3.001398538e-05 3.065525536e-06 1.631530302e-07 4.524746836e-09 6.538864840e-11 4.924015039e-13 1.932169915e-15 3.950755879e-18 4.209436954e-21 2.337097109e-24 6.761428220e-28 1.019316514e-31 8.007346337e-36
4.261660207e-37 5.424994051e-33 3.598559169e-29 1.243847004e-25 2.240341457e-22 2.102666527e-19 1.028337141e-16 2.620653343e-14 3.480106756e-12 2.408155302e-10 8.683310888e-09 1.631530302e-07 1.597400709e-06 8.149698385e-06 2.166596983e-05 3.001398538e-05 2.166596983e-05 8.149698385e-06 1.597400709e-06 1.631530302e-07 8.683310888e-09 2.408155302e-10 3.480106756e-12 2.620653343e-14 1.028337141e-16 2.102666527e-19 2.240341457e-22 1.243847004e-25 3.598559169e-29 5.424994051e-33 4.261660207e-37
1.181892455e-38 1.504521530e-34 9.979936748e-31 3.449579078e-27 6.213171711e-24 5.831355817e-21 2.851902425e-18 7.267896225e-16 9.651430938e-14 6.678572301e-12 2.408155302e-10 4.524746836e-09 4.430094736e-08 2.260167766e-07 6.008655084e-07 8.323822440e-07 6.008655084e-07 2.260167766e-07 4.430094736e-08 4.524746836e-09 2.408155302e-10 6.678572301e-12 9.651430938e-14 7.267896225e-16 2.851902425e-18 5.831355817e-21 6.213171711e-24 3.449579078e-27 9.979936748e-31 1.504521530e-34 1.181892455e-38
1.707992800e-40 2.174235000e-36 1.442234447e-32 4.985103513e-29 8.978864790e-26 8.427089715e-23 4.121380747e-20 1.050308289e-17 1.394760960e-15 9.651430938e-14 3.480106756e-12 6.538864840e-11 6.402079887e-10 3.266244958e-09 8.683310888e-09 1.202903762e-08 8.683310888e-09 3.266244958e-09 6.402079887e-10 6.538864840e-11 3.480106756e-12 9.651430938e-14 1.394760960e-15 1.050308289e-17 4.121380747e-20 8.427089715e-23 8.978864790e-26 4.985103513e-29 1.442234447e-32 2.174235000e-36 1.707992800e-40
1.286183831e-42 1.637282021e-38 1.086057639e-34 3.753973399e-31 6.761428220e-28 6.345920508e-25 3.103557157e-22 7.909222683e-20 1.050308289e-17 7.267896225e-16 2.620653343e-14 4.924015039e-13 4.821010743e-12 2.459607239e-11 6.538864840e-11 9.058324888e-11 6.538864840e-11 2.459607239e-11 4.821010743e-12 4.924015039e-13 2.620653343e-14 7.267896225e-16 1.050308289e-17 7.909222683e-20 3.103557157e-22 6.345920508e-25 6.761428220e-28 3.753973399e-31 1.086057639e-34 1.637282021e-38 1.286183831e-42
5.046949865e-45 6.424649472e-41 4.261660207e-37 1.473048804e-33 2.653165777e-30 2.490121698e-27 1.217827265e-24 3.103557157e-22 4.121380747e-20 2.851902425e-18 1.028337141e-16 1.932169915e-15 1.891751313e-14 9.651430938e-14 2.565832521e-13 3.554461692e-13 2.565832521e-13 9.651430938e-14 1.891751313e-14 1.932169915e-15 1.028337141e-16 2.851902425e-18 4.121380747e-20 3.103557157e-22 1.217827265e-24 2.490121698e-27 2.653165777e-30 1.473048804e-33 4.261660207e-37 6.424649472e-41 5.046949865e-45
1.031962391e-47 1.313664056e-43 8.713922616e-40 3.011979525e-36 5.424994051e-33 5.091613767e-30 2.490121698e-27 6.345920508e-25 8.427089715e-23 5.831355817e-21 2.102666527e-19 3.950755879e-18 3.868110960e-17 1.973452088e-16 5.246421570e-16 7.267896225e-16 5.246421570e-16 1.973452088e-16 3.868110960e-17 3.950755879e-18 2.102666527e-19 5.831355817e-21 8.427089715e-23 6.345920508e-25 2.490121698e-27 5.091613767e-30 5.424994051e-33 3.011979525e-36 8.713922616e-40 1.313664056e-43 1.031962391e-47
1.099531522e-50 1.399677984e-46 9.284478462e-43 3.209192950e-39 5.780202860e-36 5.424994051e-33 2.653165777e-30 6.761428220e-28 8.978864790e-26 6.213171711e-24 2.240341457e-22 4.209436954e-21 4.121380747e-20 2.102666527e-19 5.589938105e-19 7.743771541e-19 5.589938105e-19 2.102666527e-19 4.121380747e-20 4.209436954e-21 2.240341457e-22 6.213171711e-24 8.978864790e-26 6.761428220e-28 2.653165777e-30 5.424994051e-33 5.780202860e-36 3.209192950e-39 9.284478462e-43 1.399677984e-46 1.099531522e-50
6.104645276e-54 7.771071062e-50 5.154781510e-46 1.781757430e-42 3.209192950e-39 3.011979525e-36 1.473048804e-33 3.753973399e-31 4.985103513e-29 3.449579078e-27 1.243847004e-25 2.337097109e-24 2.288207933e-23 1.167409304e-22 3.103557157e-22 4.299374544e-22 3.103557157e-22 1.167409304e-22 2.288207933e-23 2.337097109e-24 1.243847004e-25 3.449579078e-27 4.985103513e-29 3.753973399e-31 1.473048804e-33 3.011979525e-36 3.209192950e-39 1.781757430e-42 5.154781510e-46 7.771071062e-50 6.104645276e-54
1.766127761e-57 2.248239449e-53 1.491323789e-49 5.154781510e-46 9.284478462e-43 8.713922616e-40 4.261660207e-37 1.086057639e-34 1.442234447e-32 9.979936748e-31 3.598559169e-29 6.761428220e-28 6.619987516e-27 3.377418156e-26 8.978864790e-26 1.243847004e-25 8.978864790e-26 3.377418156e-26 6.619987516e-27 6.761428220e-28 3.598559169e-29 9.979936748e-31 1.442234447e-32 1.086057639e-34 4.261660207e-37 8.713922616e-40 9.284478462e-43 5.154781510e-46 1.491323789e-49 2.248239449e-53 1.766127761e-57
2.662519121e-61 3.389324744e-57 2.248239449e-53 7.771071062e-50 1.399677984e-46 1.313664056e-43 6.424649472e-41 1.637282021e-38 2.174235000e-36 1.504521530e-34 5.424994051e-33 1.019316514e-31 9.979936748e-31 5.091613767e-30 1.353605312e-29 1.875156772e-29 1.353605312e-29 5.091613767e-30 9.979936748e-31 1.019316514e-31 5.424994051e-33 1.504521530e-34 2.174235000e-36 1.637282021e-38 6.424649472e-41 1.313664056e-43 1.399677984e-46 7.771071062e-50 2.248239449e-53 3.389324744e-57 2.662519121e-61
2.091569443e-65 2.662519121e-61 1.766127761e-57 6.104645276e-54 1.099531522e-50 1.031962391e-47 5.046949865e-45 1.286183831e-42 1.707992800e-40 1.181892455e-38 4.261660207e-37 8.007346337e-36 7.839842570e-35 3.999769875e-34 1.063338658e-33 1.473048804e-33 1.063338658e-33 3.999769875e-34 7.839842570e-35 8.007346337e-36 4.261660207e-37 1.181892455e-38 1.707992800e-40 1.286183831e-42 5.046949865e-45 1.031962391e-47 1.099531522e-50 6.104645276e-54 1.766127761e-57 2.662519121e-61 2.091569443e-65
